100 55
130 57
156 58
184 58
77 84
177 117
221 110
240 77
40 262
28 312
70 285
42 351
96 316
62 375
74 402
113 345
131 375
122 409
349 302
375 273
330 388
359 374
387 358
412 321
284 391
416 280
192 211
226 213
159 257
195 258
222 258
256 258
149 298
166 319
252 302
237 321
137 117
99 114
318 325
292 363
edges:
0 4
0 36
0 7
1 37
1 5
1 7
2 4
2 5
2 6
3 6
3 36
3 37
4 8
5 27
6 19
7 25
8 11
8 14
9 10
9 15
9 16
10 37
10 13
11 12
11 16
12 13
12 32
13 17
14 17
14 15
15 33
16 39
17 24
18 23
18 20
18 34
19 22
19 20
20 39
21 25
21 38
21 39
22 38
22 24
23 25
23 24
26 36
26 28
26 31
27 29
27 30
28 33
28 34
29 32
29 34
30 33
30 35
31 35
31 32
35 38
